
UGS= -30 to 30 in 0.2 step
UDS= 5 to 26 in 7 step
NO. UDS ID UGS
 V A V
1 5 4.99707E-08 -30
2 5 4.29938E-08 -29.8
3 5 3.93023E-08 -29.6
4 5 3.68301E-08 -29.4
5 5 3.45966E-08 -29.2
6 5 3.27255E-08 -29
7 5 3.11075E-08 -28.8
8 5 2.96958E-08 -28.6
9 5 2.83421E-08 -28.4
10 5 2.71842E-08 -28.2
11 5 2.61428E-08 -28
12 5 2.51481E-08 -27.8
13 5 2.42172E-08 -27.6
14 5 2.33476E-08 -27.4
15 5 2.24742E-08 -27.2
16 5 2.16309E-08 -27
17 5 2.08396E-08 -26.8
18 5 2.01177E-08 -26.6
19 5 1.94124E-08 -26.4
20 5 1.8748E-08 -26.2
21 5 1.81101E-08 -26
22 5 1.75115E-08 -25.8
23 5 1.69808E-08 -25.6
24 5 1.64761E-08 -25.4
25 5 1.5977E-08 -25.2
26 5 1.55293E-08 -25
27 5 1.50921E-08 -24.8
28 5 1.4696E-08 -24.6
29 5 1.42977E-08 -24.4
30 5 1.39148E-08 -24.2
31 5 1.35523E-08 -24
32 5 1.3218E-08 -23.8
33 5 1.29886E-08 -23.6
34 5 1.25821E-08 -23.4
35 5 1.22898E-08 -23.2
36 5 1.19929E-08 -23
37 5 1.17999E-08 -22.8
38 5 1.14724E-08 -22.6
39 5 1.1237E-08 -22.4
40 5 1.11064E-08 -22.2
41 5 1.08581E-08 -22
42 5 1.05939E-08 -21.8
43 5 1.05107E-08 -21.6
44 5 1.02901E-08 -21.4
45 5 1.0172E-08 -21.2
46 5 1.00452E-08 -21
47 5 1.0017E-08 -20.8
48 5 9.9122E-09 -20.6
49 5 9.7838E-09 -20.4
50 5 9.6508E-09 -20.2
51 5 9.5315E-09 -20
52 5 9.401E-09 -19.8
53 5 9.2688E-09 -19.6
54 5 9.153E-09 -19.4
55 5 9.0362E-09 -19.2
56 5 8.908E-09 -19
57 5 8.7933E-09 -18.8
58 5 8.76112E-09 -18.6
59 5 8.17509E-09 -18.4
60 5 8.01748E-09 -18.2
61 5 7.85122E-09 -18
62 5 7.68173E-09 -17.8
63 5 7.53978E-09 -17.6
64 5 7.42132E-09 -17.4
65 5 7.28677E-09 -17.2
66 5 7.1561E-09 -17
67 5 7.03119E-09 -16.8
68 5 6.9027E-09 -16.6
69 5 6.78619E-09 -16.4
70 5 6.66896E-09 -16.2
71 5 6.53929E-09 -16
72 5 6.41214E-09 -15.8
73 5 6.29711E-09 -15.6
74 5 6.16347E-09 -15.4
75 5 6.03369E-09 -15.2
76 5 5.92077E-09 -15
77 5 5.94286E-09 -14.8
78 5 5.6694E-09 -14.6
79 5 5.5544E-09 -14.4
80 5 5.58417E-09 -14.2
81 5 5.31556E-09 -14
82 5 5.18448E-09 -13.8
83 5 5.05975E-09 -13.6
84 5 5.09339E-09 -13.4
85 5 4.82557E-09 -13.2
86 5 4.70911E-09 -13
87 5 4.58452E-09 -12.8
88 5 4.63234E-09 -12.6
89 5 4.36124E-09 -12.4
90 5 4.2553E-09 -12.2
91 5 4.29469E-09 -12
92 5 4.18519E-09 -11.8
93 5 3.92653E-09 -11.6
94 5 3.95878E-09 -11.4
95 5 3.70793E-09 -11.2
96 5 3.58897E-09 -11
97 5 3.64081E-09 -10.8
98 5 3.38299E-09 -10.6
99 5 3.4262E-09 -10.4
100 5 3.3241E-09 -10.2
101 5 3.06706E-09 -10
102 5 2.96759E-09 -9.8
103 5 3.05991E-09 -9.6
104 5 2.97024E-09 -9.4
105 5 2.71912E-09 -9.2
106 5 2.76555E-09 -9
107 5 2.67053E-09 -8.8
108 5 2.42521E-09 -8.6
109 5 2.3204E-09 -8.4
110 5 2.37093E-09 -8.2
111 5 2.13122E-09 -8
112 5 2.02803E-09 -7.8
113 5 2.08637E-09 -7.6
114 5 1.84492E-09 -7.4
115 5 1.7548E-09 -7.2
116 5 1.65772E-09 -7
117 5 1.7234E-09 -6.8
118 5 1.48921E-09 -6.6
119 5 1.3951E-09 -6.4
120 5 1.30881E-09 -6.2
121 5 1.37298E-09 -6
122 5 1.1445E-09 -5.8
123 5 1.05432E-09 -5.6
124 5 9.7507E-10 -5.4
125 5 8.9141E-10 -5.2
126 5 8.1706E-10 -5
127 5 7.3656E-10 -4.8
128 5 6.5345E-10 -4.6
129 5 9.4408E-10 -4.4
130 5 5.5003E-10 -4.2
131 5 4.6044E-10 -4
132 5 3.7178E-10 -3.8
133 5 2.9843E-10 -3.6
134 5 2.2071E-10 -3.4
135 5 1.5342E-10 -3.2
136 5 8.508E-11 -3
137 5 1.535E-11 -2.8
138 5 -4.998E-11 -2.6
139 5 -1.1775E-10 -2.4
140 5 -1.7597E-10 -2.2
141 5 -2.4196E-10 -2
142 5 -3.0121E-10 -1.8
143 5 -3.6257E-10 -1.6
144 5 -4.1532E-10 -1.4
145 5 -4.6863E-10 -1.2
146 5 -5.2882E-10 -1
147 5 -5.8045E-10 -0.8
148 5 -6.3448E-10 -0.6
149 5 -6.8484E-10 -0.4
150 5 -7.3788E-10 -0.2
151 5 -7.9252E-10 0
152 5 -8.2607E-10 0.2
153 5 -8.7617E-10 0.4
154 5 -9.2075E-10 0.6
155 5 -9.6442E-10 0.8
156 5 -1.01065E-09 1
157 5 -1.04914E-09 1.2
158 5 -1.09418E-09 1.4
159 5 -1.1288E-09 1.6
160 5 -1.16704E-09 1.8
161 5 -1.19308E-09 2
162 5 -1.22613E-09 2.2
163 5 -1.25015E-09 2.4
164 5 -1.27461E-09 2.6
165 5 -1.30087E-09 2.8
166 5 -1.32345E-09 3
167 5 -1.35213E-09 3.2
168 5 -1.37162E-09 3.4
169 5 -1.3987E-09 3.6
170 5 -1.42111E-09 3.8
171 5 -1.44921E-09 4
172 5 -1.46917E-09 4.2
173 5 -1.49236E-09 4.4
174 5 -1.52203E-09 4.6
175 5 -1.54525E-09 4.8
176 5 -1.57325E-09 5
177 5 -1.59803E-09 5.2
178 5 -1.62999E-09 5.4
179 5 -1.66234E-09 5.6
180 5 -1.70336E-09 5.8
181 5 -1.74147E-09 6
182 5 -1.79065E-09 6.2
183 5 -1.85356E-09 6.4
184 5 -1.91741E-09 6.6
185 5 -1.9939E-09 6.8
186 5 -2.04202E-09 7
187 5 -2.07576E-09 7.2
188 5 -1.29378E-09 7.4
189 5 2.4343E-10 7.6
190 5 9.9425E-10 7.8
191 5 1.69374E-09 8
192 5 2.47709E-09 8.2
193 5 3.62619E-09 8.4
194 5 4.92469E-09 8.6
195 5 6.23638E-09 8.8
196 5 7.32089E-09 9
197 5 8.34793E-09 9.2
198 5 9.41586E-09 9.4
199 5 1.05233E-08 9.6
200 5 1.33179E-08 9.8
201 5 1.37815E-08 10
202 5 1.49465E-08 10.2
203 5 1.64448E-08 10.4
204 5 1.8043E-08 10.6
205 5 1.97202E-08 10.8
206 5 2.14792E-08 11
207 5 2.3308E-08 11.2
208 5 2.5217E-08 11.4
209 5 2.71931E-08 11.6
210 5 2.92501E-08 11.8
211 5 3.13783E-08 12
212 5 3.35839E-08 12.2
213 5 3.58584E-08 12.4
214 5 3.82045E-08 12.6
215 5 4.06211E-08 12.8
216 5 4.31094E-08 13
217 5 4.54396E-08 13.2
218 5 4.82896E-08 13.4
219 5 5.10142E-08 13.6
220 5 5.37855E-08 13.8
221 5 5.66349E-08 14
222 5 5.95357E-08 14.2
223 5 6.25206E-08 14.4
224 5 6.55694E-08 14.6
225 5 6.86852E-08 14.8
226 5 7.18484E-08 15
227 5 7.50669E-08 15.2
228 5 7.83723E-08 15.4
229 5 8.17201E-08 15.6
230 5 8.51545E-08 15.8
231 5 8.86178E-08 16
232 5 9.21632E-08 16.2
233 5 9.57466E-08 16.4
234 5 9.94155E-08 16.6
235 5 1.030957E-07 16.8
236 5 1.068894E-07 17
237 5 1.106982E-07 17.2
238 5 1.142906E-07 17.4
239 5 1.18814E-07 17.6
240 5 1.22535E-07 17.8
241 5 1.26611E-07 18
242 5 1.30708E-07 18.2
243 5 1.34882E-07 18.4
244 5 1.3909E-07 18.6
245 5 1.43362E-07 18.8
246 5 1.47657E-07 19
247 5 1.52014E-07 19.2
248 5 1.56439E-07 19.4
249 5 1.6092E-07 19.6
250 5 1.65448E-07 19.8
251 5 1.70003E-07 20
252 5 1.74666E-07 20.2
253 5 1.7934E-07 20.4
254 5 1.84074E-07 20.6
255 5 1.88797E-07 20.8
256 5 1.93651E-07 21
257 5 1.985E-07 21.2
258 5 2.03393E-07 21.4
259 5 2.08376E-07 21.6
260 5 2.13377E-07 21.8
261 5 2.18434E-07 22
262 5 2.23548E-07 22.2
263 5 2.28717E-07 22.4
264 5 2.3393E-07 22.6
265 5 2.39181E-07 22.8
266 5 2.44439E-07 23
267 5 2.49775E-07 23.2
268 5 2.55159E-07 23.4
269 5 2.60593E-07 23.6
270 5 2.66106E-07 23.8
271 5 2.71586E-07 24
272 5 2.77135E-07 24.2
273 5 2.82758E-07 24.4
274 5 2.88427E-07 24.6
275 5 2.94092E-07 24.8
276 5 2.99837E-07 25
277 5 3.05574E-07 25.2
278 5 3.11386E-07 25.4
279 5 3.17309E-07 25.6
280 5 3.23175E-07 25.8
281 5 3.29143E-07 26
282 5 3.35155E-07 26.2
283 5 3.41212E-07 26.4
284 5 3.4726E-07 26.6
285 5 3.5339E-07 26.8
286 5 3.59537E-07 27
287 5 3.65678E-07 27.2
288 5 3.71949E-07 27.4
289 5 3.78175E-07 27.6
290 5 3.84579E-07 27.8
291 5 3.90938E-07 28
292 5 3.97341E-07 28.2
293 5 4.03773E-07 28.4
294 5 4.10274E-07 28.6
295 5 4.16815E-07 28.8
296 5 4.23406E-07 29
297 5 4.29982E-07 29.2
298 5 4.36601E-07 29.4
299 5 4.43293E-07 29.6
300 5 4.49983E-07 29.8
301 5 4.56806E-07 30
302 12 1.53445E-07 -30
303 12 8.67669E-08 -29.8
304 12 7.4427E-08 -29.6
305 12 6.62213E-08 -29.4
306 12 6.04311E-08 -29.2
307 12 5.68684E-08 -29
308 12 5.41647E-08 -28.8
309 12 5.17706E-08 -28.6
310 12 4.96404E-08 -28.4
311 12 4.77688E-08 -28.2
312 12 4.5956E-08 -28
313 12 4.43718E-08 -27.8
314 12 4.31646E-08 -27.6
315 12 4.19715E-08 -27.4
316 12 4.07568E-08 -27.2
317 12 3.96939E-08 -27
318 12 3.85172E-08 -26.8
319 12 3.73852E-08 -26.6
320 12 3.63607E-08 -26.4
321 12 3.543E-08 -26.2
322 12 3.44809E-08 -26
323 12 3.35081E-08 -25.8
324 12 3.26295E-08 -25.6
325 12 3.1819E-08 -25.4
326 12 3.0989E-08 -25.2
327 12 3.0239E-08 -25
328 12 2.95657E-08 -24.8
329 12 2.87847E-08 -24.6
330 12 2.79969E-08 -24.4
331 12 2.72296E-08 -24.2
332 12 2.64332E-08 -24
333 12 2.5638E-08 -23.8
334 12 2.48565E-08 -23.6
335 12 2.41095E-08 -23.4
336 12 2.33937E-08 -23.2
337 12 2.27436E-08 -23
338 12 2.20553E-08 -22.8
339 12 2.13947E-08 -22.6
340 12 2.0786E-08 -22.4
341 12 2.01532E-08 -22.2
342 12 1.95541E-08 -22
343 12 1.89704E-08 -21.8
344 12 1.84564E-08 -21.6
345 12 1.79233E-08 -21.4
346 12 1.73697E-08 -21.2
347 12 1.68667E-08 -21
348 12 1.63721E-08 -20.8
349 12 1.58946E-08 -20.6
350 12 1.54436E-08 -20.4
351 12 1.49861E-08 -20.2
352 12 1.45705E-08 -20
353 12 1.41626E-08 -19.8
354 12 1.37861E-08 -19.6
355 12 1.34064E-08 -19.4
356 12 1.30642E-08 -19.2
357 12 1.27282E-08 -19
358 12 1.25171E-08 -18.8
359 12 1.21478E-08 -18.6
360 12 1.18759E-08 -18.4
361 12 1.16205E-08 -18.2
362 12 1.14482E-08 -18
363 12 1.11414E-08 -17.8
364 12 1.09163E-08 -17.6
365 12 1.07798E-08 -17.4
366 12 1.06401E-08 -17.2
367 12 1.03902E-08 -17
368 12 1.0327E-08 -16.8
369 12 9.9833E-09 -16.6
370 12 1.00237E-08 -16.4
371 12 9.9204E-09 -16.2
372 12 9.7813E-09 -16
373 12 9.663E-09 -15.8
374 12 9.5416E-09 -15.6
375 12 9.4357E-09 -15.4
376 12 9.3193E-09 -15.2
377 12 9.2227E-09 -15
378 12 9.1324E-09 -14.8
379 12 9.0264E-09 -14.6
380 12 8.9415E-09 -14.4
381 12 8.8392E-09 -14.2
382 12 8.7365E-09 -14
383 12 8.6443E-09 -13.8
384 12 8.62533E-09 -13.6
385 12 8.02999E-09 -13.4
386 12 7.87187E-09 -13.2
387 12 7.74082E-09 -13
388 12 7.58546E-09 -12.8
389 12 7.46384E-09 -12.6
390 12 7.33829E-09 -12.4
391 12 7.22639E-09 -12.2
392 12 7.11289E-09 -12
393 12 6.98656E-09 -11.8
394 12 6.87099E-09 -11.6
395 12 6.74826E-09 -11.4
396 12 6.63734E-09 -11.2
397 12 6.51914E-09 -11
398 12 6.406E-09 -10.8
399 12 6.28175E-09 -10.6
400 12 6.17272E-09 -10.4
401 12 6.06329E-09 -10.2
402 12 5.95126E-09 -10
403 12 6.00518E-09 -9.8
404 12 5.73995E-09 -9.6
405 12 5.62716E-09 -9.4
406 12 5.6847E-09 -9.2
407 12 5.4259E-09 -9
408 12 5.32002E-09 -8.8
409 12 5.21341E-09 -8.6
410 12 5.27502E-09 -8.4
411 12 5.00994E-09 -8.2
412 12 4.91147E-09 -8
413 12 4.80309E-09 -7.8
414 12 4.85592E-09 -7.6
415 12 4.60186E-09 -7.4
416 12 4.49162E-09 -7.2
417 12 4.54222E-09 -7
418 12 4.44169E-09 -6.8
419 12 4.19591E-09 -6.6
420 12 4.23733E-09 -6.4
421 12 4.1524E-09 -6.2
422 12 3.89562E-09 -6
423 12 3.95296E-09 -5.8
424 12 3.69473E-09 -5.6
425 12 3.5999E-09 -5.4
426 12 3.65292E-09 -5.2
427 12 3.40904E-09 -5
428 12 3.30913E-09 -4.8
429 12 3.2112E-09 -4.6
430 12 3.27707E-09 -4.4
431 12 3.02828E-09 -4.2
432 12 3.08915E-09 -4
433 12 3.00329E-09 -3.8
434 12 2.76222E-09 -3.6
435 12 2.66594E-09 -3.4
436 12 2.57984E-09 -3.2
437 12 2.6497E-09 -3
438 12 2.41049E-09 -2.8
439 12 2.32587E-09 -2.6
440 12 2.3971E-09 -2.4
441 12 2.16166E-09 -2.2
442 12 2.0722E-09 -2
443 12 2.14713E-09 -1.8
444 12 1.91154E-09 -1.6
445 12 1.82836E-09 -1.4
446 12 1.75052E-09 -1.2
447 12 1.82346E-09 -1
448 12 1.59586E-09 -0.8
449 12 1.51305E-09 -0.6
450 12 1.43554E-09 -0.4
451 12 1.51178E-09 -0.2
452 12 1.27852E-09 0
453 12 1.2081E-09 0.2
454 12 1.12705E-09 0.4
455 12 1.05497E-09 0.6
456 12 9.8258E-10 0.8
457 12 9.0467E-10 1
458 12 8.3598E-10 1.2
459 12 7.6303E-10 1.4
460 12 6.9692E-10 1.6
461 12 6.2211E-10 1.8
462 12 5.5662E-10 2
463 12 4.8674E-10 2.2
464 12 4.2235E-10 2.4
465 12 3.5708E-10 2.6
466 12 2.8681E-10 2.8
467 12 5.3584E-10 3
468 12 1.8485E-10 3.2
469 12 1.1287E-10 3.4
470 12 4.252E-11 3.6
471 12 -1.704E-11 3.8
472 12 -8.241E-11 4
473 12 -1.3922E-10 4.2
474 12 -1.9717E-10 4.4
475 12 -2.5722E-10 4.6
476 12 -3.0944E-10 4.8
477 12 -3.6793E-10 5
478 12 -4.1808E-10 5.2
479 12 -4.7351E-10 5.4
480 12 -5.2071E-10 5.6
481 12 -5.7487E-10 5.8
482 12 -6.2211E-10 6
483 12 -6.6833E-10 6.2
484 12 -7.1788E-10 6.4
485 12 -7.6151E-10 6.6
486 12 -8.1041E-10 6.8
487 12 -8.5112E-10 7
488 12 -8.971E-10 7.2
489 12 -9.2754E-10 7.4
490 12 -9.4289E-10 7.6
491 12 -9.1708E-10 7.8
492 12 -8.3978E-10 8
493 12 -4.7525E-10 8.2
494 12 3.7571E-10 8.4
495 12 1.81792E-09 8.6
496 12 3.44002E-09 8.8
497 12 4.18708E-09 9
498 12 5.3445E-09 9.2
499 12 6.60494E-09 9.4
500 12 8.25861E-09 9.6
501 12 1.012488E-08 9.8
502 12 1.28164E-08 10
503 12 1.31457E-08 10.2
504 12 1.4531E-08 10.4
505 12 1.6058E-08 10.6
506 12 1.76867E-08 10.8
507 12 1.94223E-08 11
508 12 2.1269E-08 11.2
509 12 2.32206E-08 11.4
510 12 2.52798E-08 11.6
511 12 2.7466E-08 11.8
512 12 2.97732E-08 12
513 12 3.21962E-08 12.2
514 12 3.47425E-08 12.4
515 12 3.74297E-08 12.6
516 12 4.02372E-08 12.8
517 12 4.31865E-08 13
518 12 4.62608E-08 13.2
519 12 4.946E-08 13.4
520 12 5.28301E-08 13.6
521 12 5.63206E-08 13.8
522 12 5.99681E-08 14
523 12 6.37546E-08 14.2
524 12 6.77015E-08 14.4
525 12 7.18081E-08 14.6
526 12 7.60763E-08 14.8
527 12 8.04875E-08 15
528 12 8.50532E-08 15.2
529 12 8.98061E-08 15.4
530 12 9.47258E-08 15.6
531 12 9.9845E-08 15.8
532 12 1.050864E-07 16
533 12 1.104962E-07 16.2
534 12 1.147813E-07 16.4
535 12 1.22426E-07 16.6
536 12 1.27808E-07 16.8
537 12 1.33922E-07 17
538 12 1.40193E-07 17.2
539 12 1.46689E-07 17.4
540 12 1.53425E-07 17.6
541 12 1.60359E-07 17.8
542 12 1.67539E-07 18
543 12 1.74872E-07 18.2
544 12 1.8249E-07 18.4
545 12 1.90216E-07 18.6
546 12 1.98196E-07 18.8
547 12 2.06319E-07 19
548 12 2.1458E-07 19.2
549 12 2.23134E-07 19.4
550 12 2.31765E-07 19.6
551 12 2.4071E-07 19.8
552 12 2.49733E-07 20
553 12 2.5899E-07 20.2
554 12 2.68377E-07 20.4
555 12 2.78E-07 20.6
556 12 2.8777E-07 20.8
557 12 2.97772E-07 21
558 12 3.07923E-07 21.2
559 12 3.18212E-07 21.4
560 12 3.28749E-07 21.6
561 12 3.39352E-07 21.8
562 12 3.50255E-07 22
563 12 3.61265E-07 22.2
564 12 3.72469E-07 22.4
565 12 3.83769E-07 22.6
566 12 3.95311E-07 22.8
567 12 4.06995E-07 23
568 12 4.18808E-07 23.2
569 12 4.30892E-07 23.4
570 12 4.43031E-07 23.6
571 12 4.55408E-07 23.8
572 12 4.67871E-07 24
573 12 4.80628E-07 24.2
574 12 4.93383E-07 24.4
575 12 5.06447E-07 24.6
576 12 5.19499E-07 24.8
577 12 5.32876E-07 25
578 12 5.46273E-07 25.2
579 12 5.59845E-07 25.4
580 12 5.73629E-07 25.6
581 12 5.87543E-07 25.8
582 12 6.01654E-07 26
583 12 6.15775E-07 26.2
584 12 6.30161E-07 26.4
585 12 6.44562E-07 26.6
586 12 6.5931E-07 26.8
587 12 6.73902E-07 27
588 12 6.88834E-07 27.2
589 12 7.03951E-07 27.4
590 12 7.19045E-07 27.6
591 12 7.34551E-07 27.8
592 12 7.49907E-07 28
593 12 7.65584E-07 28.2
594 12 7.8127E-07 28.4
595 12 7.97384E-07 28.6
596 12 8.13398E-07 28.8
597 12 8.2949E-07 29
598 12 8.45742E-07 29.2
599 12 8.62039E-07 29.4
600 12 8.78671E-07 29.6
601 12 8.9524E-07 29.8
602 12 9.12086E-07 30
603 19 5.75117E-07 -30
604 19 1.44917E-07 -29.8
605 19 1.02248E-07 -29.6
606 19 9.01215E-08 -29.4
607 19 8.62476E-08 -29.2
608 19 8.28416E-08 -29
609 19 7.94604E-08 -28.8
610 19 7.66099E-08 -28.6
611 19 7.37612E-08 -28.4
612 19 7.13392E-08 -28.2
613 19 6.96719E-08 -28
614 19 6.7454E-08 -27.8
615 19 6.57703E-08 -27.6
616 19 6.38351E-08 -27.4
617 19 6.18884E-08 -27.2
618 19 6.01974E-08 -27
619 19 5.86691E-08 -26.8
620 19 5.71795E-08 -26.6
621 19 5.5989E-08 -26.4
622 19 5.48287E-08 -26.2
623 19 5.37458E-08 -26
624 19 5.24186E-08 -25.8
625 19 5.09637E-08 -25.6
626 19 4.97367E-08 -25.4
627 19 4.88112E-08 -25.2
628 19 4.79921E-08 -25
629 19 4.70821E-08 -24.8
630 19 4.60603E-08 -24.6
631 19 4.50976E-08 -24.4
632 19 4.42303E-08 -24.2
633 19 4.34582E-08 -24
634 19 4.26736E-08 -23.8
635 19 4.16085E-08 -23.6
636 19 4.06242E-08 -23.4
637 19 3.98479E-08 -23.2
638 19 3.90499E-08 -23
639 19 3.82242E-08 -22.8
640 19 3.73124E-08 -22.6
641 19 3.64018E-08 -22.4
642 19 3.55564E-08 -22.2
643 19 3.48367E-08 -22
644 19 3.41273E-08 -21.8
645 19 3.3347E-08 -21.6
646 19 3.26421E-08 -21.4
647 19 3.19807E-08 -21.2
648 19 3.12321E-08 -21
649 19 3.04462E-08 -20.8
650 19 2.9696E-08 -20.6
651 19 2.89731E-08 -20.4
652 19 2.83002E-08 -20.2
653 19 2.77156E-08 -20
654 19 2.70185E-08 -19.8
655 19 2.63443E-08 -19.6
656 19 2.56949E-08 -19.4
657 19 2.50691E-08 -19.2
658 19 2.44293E-08 -19
659 19 2.38285E-08 -18.8
660 19 2.32464E-08 -18.6
661 19 2.26571E-08 -18.4
662 19 2.20702E-08 -18.2
663 19 2.14814E-08 -18
664 19 2.09396E-08 -17.8
665 19 2.03953E-08 -17.6
666 19 1.98953E-08 -17.4
667 19 1.93917E-08 -17.2
668 19 1.88954E-08 -17
669 19 1.83928E-08 -16.8
670 19 1.79047E-08 -16.6
671 19 1.74791E-08 -16.4
672 19 1.70316E-08 -16.2
673 19 1.65949E-08 -16
674 19 1.61871E-08 -15.8
675 19 1.58237E-08 -15.6
676 19 1.54151E-08 -15.4
677 19 1.50295E-08 -15.2
678 19 1.4643E-08 -15
679 19 1.42874E-08 -14.8
680 19 1.39313E-08 -14.6
681 19 1.35989E-08 -14.4
682 19 1.32662E-08 -14.2
683 19 1.2957E-08 -14
684 19 1.26562E-08 -13.8
685 19 1.23615E-08 -13.6
686 19 1.21748E-08 -13.4
687 19 1.18343E-08 -13.2
688 19 1.15908E-08 -13
689 19 1.13494E-08 -12.8
690 19 1.12015E-08 -12.6
691 19 1.09811E-08 -12.4
692 19 1.07864E-08 -12.2
693 19 1.06996E-08 -12
694 19 1.03552E-08 -11.8
695 19 1.03749E-08 -11.6
696 19 1.00169E-08 -11.4
697 19 1.00563E-08 -11.2
698 19 9.9521E-09 -11
699 19 9.8201E-09 -10.8
700 19 9.676E-09 -10.6
701 19 9.5539E-09 -10.4
702 19 9.4316E-09 -10.2
703 19 9.3093E-09 -10
704 19 9.1831E-09 -9.8
705 19 9.0686E-09 -9.6
706 19 8.9624E-09 -9.4
707 19 8.8377E-09 -9.2
708 19 8.7365E-09 -9
709 19 8.69204E-09 -8.8
710 19 8.08825E-09 -8.6
711 19 7.93995E-09 -8.4
712 19 7.80114E-09 -8.2
713 19 7.68953E-09 -8
714 19 7.57282E-09 -7.8
715 19 7.46075E-09 -7.6
716 19 7.34688E-09 -7.4
717 19 7.2437E-09 -7.2
718 19 7.13809E-09 -7
719 19 7.03418E-09 -6.8
720 19 6.92547E-09 -6.6
721 19 6.82061E-09 -6.4
722 19 6.72208E-09 -6.2
723 19 6.62058E-09 -6
724 19 6.52177E-09 -5.8
725 19 6.42209E-09 -5.6
726 19 6.32137E-09 -5.4
727 19 6.21413E-09 -5.2
728 19 6.28427E-09 -5
729 19 6.03101E-09 -4.8
730 19 5.92488E-09 -4.6
731 19 5.99324E-09 -4.4
732 19 5.73159E-09 -4.2
733 19 5.64367E-09 -4
734 19 5.54189E-09 -3.8
735 19 5.61567E-09 -3.6
736 19 5.36195E-09 -3.4
737 19 5.26623E-09 -3.2
738 19 5.17054E-09 -3
739 19 5.23942E-09 -2.8
740 19 4.98764E-09 -2.6
741 19 4.88728E-09 -2.4
742 19 4.95342E-09 -2.2
743 19 4.86571E-09 -2
744 19 4.62092E-09 -1.8
745 19 4.6906E-09 -1.6
746 19 4.5986E-09 -1.4
747 19 4.35426E-09 -1.2
748 19 4.41506E-09 -1
749 19 4.17908E-09 -0.8
750 19 4.07659E-09 -0.6
751 19 3.99218E-09 -0.4
752 19 4.06463E-09 -0.2
753 19 3.98323E-09 0
754 19 3.747E-09 0.2
755 19 3.81505E-09 0.4
756 19 3.57514E-09 0.6
757 19 3.48391E-09 0.8
758 19 3.55697E-09 1
759 19 3.3223E-09 1.2
760 19 3.23556E-09 1.4
761 19 3.15436E-09 1.6
762 19 3.22469E-09 1.8
763 19 2.99649E-09 2
764 19 3.06943E-09 2.2
765 19 2.99702E-09 2.4
766 19 2.76387E-09 2.6
767 19 2.67738E-09 2.8
768 19 2.59788E-09 3
769 19 2.67302E-09 3.2
770 19 2.44953E-09 3.4
771 19 2.52003E-09 3.6
772 19 2.45203E-09 3.8
773 19 2.21942E-09 4
774 19 2.1448E-09 4.2
775 19 2.22715E-09 4.4
776 19 1.9982E-09 4.6
777 19 1.92745E-09 4.8
778 19 1.84936E-09 5
779 19 1.93693E-09 5.2
780 19 1.70925E-09 5.4
781 19 1.64006E-09 5.6
782 19 1.56472E-09 5.8
783 19 1.49586E-09 6
784 19 1.4266E-09 6.2
785 19 1.35587E-09 6.4
786 19 1.28993E-09 6.6
787 19 1.22079E-09 6.8
788 19 1.15885E-09 7
789 19 1.08836E-09 7.2
790 19 1.0262E-09 7.4
791 19 1.19779E-09 7.6
792 19 9.1632E-10 7.8
793 19 8.5193E-10 8
794 19 1.04669E-09 8.2
795 19 7.5248E-10 8.4
796 19 6.9255E-10 8.6
797 19 1.03673E-09 8.8
798 19 7.274E-10 9
799 19 7.8112E-10 9.2
800 19 9.7528E-10 9.4
801 19 1.52671E-09 9.6
802 19 2.68381E-09 9.8
803 19 4.17887E-09 10
804 19 5.81139E-09 10.2
805 19 6.92699E-09 10.4
806 19 8.24449E-09 10.6
807 19 9.7125E-09 10.8
808 19 1.1398E-08 11
809 19 1.51814E-08 11.2
810 19 1.53436E-08 11.4
811 19 1.67859E-08 11.6
812 19 1.83348E-08 11.8
813 19 2.00187E-08 12
814 19 2.18097E-08 12.2
815 19 2.37241E-08 12.4
816 19 2.57607E-08 12.6
817 19 2.79144E-08 12.8
818 19 3.01981E-08 13
819 19 3.26015E-08 13.2
820 19 3.51196E-08 13.4
821 19 3.77819E-08 13.6
822 19 4.05686E-08 13.8
823 19 4.35058E-08 14
824 19 4.65689E-08 14.2
825 19 4.97785E-08 14.4
826 19 5.3122E-08 14.6
827 19 5.66309E-08 14.8
828 19 6.02801E-08 15
829 19 6.40702E-08 15.2
830 19 6.80362E-08 15.4
831 19 7.21657E-08 15.6
832 19 7.64708E-08 15.8
833 19 8.09202E-08 16
834 19 8.55803E-08 16.2
835 19 9.03732E-08 16.4
836 19 9.53641E-08 16.6
837 19 1.005302E-07 16.8
838 19 1.058795E-07 17
839 19 1.113832E-07 17.2
840 19 1.17507E-07 17.4
841 19 1.22913E-07 17.6
842 19 1.28974E-07 17.8
843 19 1.35289E-07 18
844 19 1.41762E-07 18.2
845 19 1.48493E-07 18.4
846 19 1.55355E-07 18.6
847 19 1.62491E-07 18.8
848 19 1.69782E-07 19
849 19 1.77265E-07 19.2
850 19 1.85015E-07 19.4
851 19 1.92931E-07 19.6
852 19 2.01135E-07 19.8
853 19 2.09512E-07 20
854 19 2.1813E-07 20.2
855 19 2.26923E-07 20.4
856 19 2.36042E-07 20.6
857 19 2.45283E-07 20.8
858 19 2.54829E-07 21
859 19 2.6455E-07 21.2
860 19 2.74524E-07 21.4
861 19 2.84833E-07 21.6
862 19 2.95267E-07 21.8
863 19 3.06077E-07 22
864 19 3.17E-07 22.2
865 19 3.28278E-07 22.4
866 19 3.39764E-07 22.6
867 19 3.51562E-07 22.8
868 19 3.63522E-07 23
869 19 3.75688E-07 23.2
870 19 3.88247E-07 23.4
871 19 4.00977E-07 23.6
872 19 4.14001E-07 23.8
873 19 4.27227E-07 24
874 19 4.40788E-07 24.2
875 19 4.54491E-07 24.4
876 19 4.68602E-07 24.6
877 19 4.82821E-07 24.8
878 19 4.97508E-07 25
879 19 5.12314E-07 25.2
880 19 5.27457E-07 25.4
881 19 5.42971E-07 25.6
882 19 5.58676E-07 25.8
883 19 5.74789E-07 26
884 19 5.91091E-07 26.2
885 19 6.0783E-07 26.4
886 19 6.24616E-07 26.6
887 19 6.41897E-07 26.8
888 19 6.59334E-07 27
889 19 6.77032E-07 27.2
890 19 6.95155E-07 27.4
891 19 7.13314E-07 27.6
892 19 7.31956E-07 27.8
893 19 7.50654E-07 28
894 19 7.69786E-07 28.2
895 19 7.89117E-07 28.4
896 19 8.08834E-07 28.6
897 19 8.286E-07 28.8
898 19 8.48795E-07 29
899 19 8.69113E-07 29.2
900 19 8.89612E-07 29.4
901 19 9.10678E-07 29.6
902 19 9.31813E-07 29.8
903 19 9.53369E-07 30
904 26 7.3902E-07 -30
905 26 1.39452E-07 -29.8
906 26 1.28907E-07 -29.6
907 26 1.22652E-07 -29.4
908 26 1.17535E-07 -29.2
909 26 1.13168E-07 -29
910 26 1.08754E-07 -28.8
911 26 1.05245E-07 -28.6
912 26 1.02275E-07 -28.4
913 26 9.85571E-08 -28.2
914 26 9.57098E-08 -28
915 26 9.31386E-08 -27.8
916 26 9.07219E-08 -27.6
917 26 8.85405E-08 -27.4
918 26 8.61531E-08 -27.2
919 26 8.40149E-08 -27
920 26 8.21551E-08 -26.8
921 26 8.03849E-08 -26.6
922 26 7.90675E-08 -26.4
923 26 7.70493E-08 -26.2
924 26 7.50499E-08 -26
925 26 7.32194E-08 -25.8
926 26 7.14994E-08 -25.6
927 26 7.00108E-08 -25.4
928 26 6.85557E-08 -25.2
929 26 6.70543E-08 -25
930 26 6.56877E-08 -24.8
931 26 6.43498E-08 -24.6
932 26 6.30015E-08 -24.4
933 26 6.1699E-08 -24.2
934 26 6.04486E-08 -24
935 26 5.93619E-08 -23.8
936 26 5.79972E-08 -23.6
937 26 5.6229E-08 -23.4
938 26 5.50211E-08 -23.2
939 26 5.39918E-08 -23
940 26 5.29764E-08 -22.8
941 26 5.20287E-08 -22.6
942 26 5.12634E-08 -22.4
943 26 5.03059E-08 -22.2
944 26 4.89887E-08 -22
945 26 4.76409E-08 -21.8
946 26 4.65068E-08 -21.6
947 26 4.55834E-08 -21.4
948 26 4.49065E-08 -21.2
949 26 4.43794E-08 -21
950 26 4.34689E-08 -20.8
951 26 4.26112E-08 -20.6
952 26 4.16831E-08 -20.4
953 26 4.09056E-08 -20.2
954 26 4.00246E-08 -20
955 26 3.92523E-08 -19.8
956 26 3.84818E-08 -19.6
957 26 3.77584E-08 -19.4
958 26 3.70746E-08 -19.2
959 26 3.63824E-08 -19
960 26 3.56828E-08 -18.8
961 26 3.49508E-08 -18.6
962 26 3.42548E-08 -18.4
963 26 3.36016E-08 -18.2
964 26 3.30169E-08 -18
965 26 3.2374E-08 -17.8
966 26 3.17546E-08 -17.6
967 26 3.11959E-08 -17.4
968 26 3.06197E-08 -17.2
969 26 3.01247E-08 -17
970 26 2.95104E-08 -16.8
971 26 2.90356E-08 -16.6
972 26 2.85531E-08 -16.4
973 26 2.79923E-08 -16.2
974 26 2.74229E-08 -16
975 26 2.68579E-08 -15.8
976 26 2.63102E-08 -15.6
977 26 2.57805E-08 -15.4
978 26 2.52513E-08 -15.2
979 26 2.47269E-08 -15
980 26 2.42043E-08 -14.8
981 26 2.36791E-08 -14.6
982 26 2.31703E-08 -14.4
983 26 2.2648E-08 -14.2
984 26 2.21678E-08 -14
985 26 2.17143E-08 -13.8
986 26 2.12248E-08 -13.6
987 26 2.07862E-08 -13.4
988 26 2.03314E-08 -13.2
989 26 1.98756E-08 -13
990 26 1.94186E-08 -12.8
991 26 1.90035E-08 -12.6
992 26 1.85851E-08 -12.4
993 26 1.81971E-08 -12.2
994 26 1.78077E-08 -12
995 26 1.74172E-08 -11.8
996 26 1.70349E-08 -11.6
997 26 1.66397E-08 -11.4
998 26 1.62791E-08 -11.2
999 26 1.58974E-08 -11
1000 26 1.55675E-08 -10.8
1001 26 1.51984E-08 -10.6
1002 26 1.48432E-08 -10.4
1003 26 1.44977E-08 -10.2
1004 26 1.41536E-08 -10
1005 26 1.38409E-08 -9.8
1006 26 1.35248E-08 -9.6
1007 26 1.33166E-08 -9.4
1008 26 1.29522E-08 -9.2
1009 26 1.26857E-08 -9
1010 26 1.24184E-08 -8.8
1011 26 1.22495E-08 -8.6
1012 26 1.19362E-08 -8.4
1013 26 1.16985E-08 -8.2
1014 26 1.14874E-08 -8
1015 26 1.13779E-08 -7.8
1016 26 1.10881E-08 -7.6
1017 26 1.08934E-08 -7.4
1018 26 1.08825E-08 -7.2
1019 26 1.05598E-08 -7
1020 26 1.05969E-08 -6.8
1021 26 1.0255E-08 -6.6
1022 26 1.02936E-08 -6.4
1023 26 1.00863E-08 -6.2
1024 26 9.9784E-09 -6
1025 26 9.9077E-09 -5.8
1026 26 9.7848E-09 -5.6
1027 26 9.6683E-09 -5.4
1028 26 9.5453E-09 -5.2
1029 26 9.4248E-09 -5
1030 26 9.3157E-09 -4.8
1031 26 9.1943E-09 -4.6
1032 26 9.0852E-09 -4.4
1033 26 8.9646E-09 -4.2
1034 26 8.8622E-09 -4
1035 26 8.7563E-09 -3.8
1036 26 8.632E-09 -3.6
1037 26 8.5322E-09 -3.4
1038 26 8.50634E-09 -3.2
1039 26 7.92769E-09 -3
1040 26 7.78812E-09 -2.8
1041 26 7.68408E-09 -2.6
1042 26 7.56987E-09 -2.4
1043 26 7.46913E-09 -2.2
1044 26 7.36392E-09 -2
1045 26 7.26115E-09 -1.8
1046 26 7.16279E-09 -1.6
1047 26 7.0681E-09 -1.4
1048 26 6.96669E-09 -1.2
1049 26 6.87222E-09 -1
1050 26 6.77705E-09 -0.8
1051 26 6.68168E-09 -0.6
1052 26 6.59731E-09 -0.4
1053 26 6.50086E-09 -0.2
1054 26 6.3989E-09 0
1055 26 6.32308E-09 0.2
1056 26 6.3908E-09 0.4
1057 26 6.14109E-09 0.6
1058 26 6.05099E-09 0.8
1059 26 5.95592E-09 1
1060 26 5.87619E-09 1.2
1061 26 5.78329E-09 1.4
1062 26 5.69172E-09 1.6
1063 26 5.60882E-09 1.8
1064 26 5.679E-09 2
1065 26 5.43606E-09 2.2
1066 26 5.34474E-09 2.4
1067 26 5.26419E-09 2.6
1068 26 5.33614E-09 2.8
1069 26 5.10034E-09 3
1070 26 5.01171E-09 3.2
1071 26 4.93381E-09 3.4
1072 26 5.00734E-09 3.6
1073 26 4.7661E-09 3.8
1074 26 4.67432E-09 4
1075 26 4.75839E-09 4.2
1076 26 4.67813E-09 4.4
1077 26 4.43259E-09 4.6
1078 26 4.51672E-09 4.8
1079 26 4.43021E-09 5
1080 26 4.19396E-09 5.2
1081 26 4.27093E-09 5.4
1082 26 4.03642E-09 5.6
1083 26 3.94665E-09 5.8
1084 26 4.03063E-09 6
1085 26 3.80363E-09 6.2
1086 26 3.71915E-09 6.4
1087 26 3.64597E-09 6.6
1088 26 3.72674E-09 6.8
1089 26 3.49676E-09 7
1090 26 3.57327E-09 7.2
1091 26 3.50459E-09 7.4
1092 26 3.27083E-09 7.6
1093 26 3.20025E-09 7.8
1094 26 3.12397E-09 8
1095 26 3.2053E-09 8.2
1096 26 2.98177E-09 8.4
1097 26 2.90361E-09 8.6
1098 26 2.99299E-09 8.8
1099 26 2.97433E-09 9
1100 26 2.71294E-09 9.2
1101 26 2.79655E-09 9.4
1102 26 2.58023E-09 9.6
1103 26 2.52069E-09 9.8
1104 26 2.61991E-09 10
1105 26 2.5915E-09 10.2
1106 26 2.4157E-09 10.4
1107 26 2.44151E-09 10.6
1108 26 2.71449E-09 10.8
1109 26 3.05312E-09 11
1110 26 3.58213E-09 11.2
1111 26 4.33616E-09 11.4
1112 26 5.57269E-09 11.6
1113 26 7.39959E-09 11.8
1114 26 9.45633E-09 12
1115 26 1.33339E-08 12.2
1116 26 1.39017E-08 12.4
1117 26 1.57046E-08 12.6
1118 26 1.7475E-08 12.8
1119 26 1.90247E-08 13
1120 26 2.05915E-08 13.2
1121 26 2.2238E-08 13.4
1122 26 2.39949E-08 13.6
1123 26 2.58801E-08 13.8
1124 26 2.78816E-08 14
1125 26 3.00251E-08 14.2
1126 26 3.22867E-08 14.4
1127 26 3.46858E-08 14.6
1128 26 3.72196E-08 14.8
1129 26 3.98971E-08 15
1130 26 4.26944E-08 15.2
1131 26 4.56038E-08 15.4
1132 26 4.87122E-08 15.6
1133 26 5.1969E-08 15.8
1134 26 5.53797E-08 16
1135 26 5.89282E-08 16.2
1136 26 6.26261E-08 16.4
1137 26 6.64734E-08 16.6
1138 26 7.04765E-08 16.8
1139 26 7.4654E-08 17
1140 26 7.89691E-08 17.2
1141 26 8.34601E-08 17.4
1142 26 8.81303E-08 17.6
1143 26 9.2958E-08 17.8
1144 26 9.79342E-08 18
1145 26 1.031143E-07 18.2
1146 26 1.084867E-07 18.4
1147 26 1.139833E-07 18.6
1148 26 1.15004E-07 18.8
1149 26 1.26261E-07 19
1150 26 1.31555E-07 19.2
1151 26 1.37846E-07 19.4
1152 26 1.44285E-07 19.6
1153 26 1.51003E-07 19.8
1154 26 1.5786E-07 20
1155 26 1.64964E-07 20.2
1156 26 1.72242E-07 20.4
1157 26 1.79752E-07 20.6
1158 26 1.87434E-07 20.8
1159 26 1.9539E-07 21
1160 26 2.03486E-07 21.2
1161 26 2.118E-07 21.4
1162 26 2.20408E-07 21.6
1163 26 2.29178E-07 21.8
1164 26 2.38251E-07 22
1165 26 2.47522E-07 22.2
1166 26 2.57057E-07 22.4
1167 26 2.6679E-07 22.6
1168 26 2.7683E-07 22.8
1169 26 2.87008E-07 23
1170 26 2.97484E-07 23.2
1171 26 3.08233E-07 23.4
1172 26 3.19182E-07 23.6
1173 26 3.30487E-07 23.8
1174 26 3.41948E-07 24
1175 26 3.53722E-07 24.2
1176 26 3.65739E-07 24.4
1177 26 3.78054E-07 24.6
1178 26 3.90526E-07 24.8
1179 26 4.03382E-07 25
1180 26 4.16418E-07 25.2
1181 26 4.29669E-07 25.4
1182 26 4.43347E-07 25.6
1183 26 4.57174E-07 25.8
1184 26 4.71391E-07 26
1185 26 4.85785E-07 26.2
1186 26 5.0051E-07 26.4
1187 26 5.15518E-07 26.6
1188 26 5.30875E-07 26.8
1189 26 5.46419E-07 27
1190 26 5.62235E-07 27.2
1191 26 5.78469E-07 27.4
1192 26 5.94926E-07 27.6
1193 26 6.11768E-07 27.8
1194 26 6.28771E-07 28
1195 26 6.46265E-07 28.2
1196 26 6.63864E-07 28.4
1197 26 6.82066E-07 28.6
1198 26 7.00241E-07 28.8
1199 26 7.19033E-07 29
1200 26 7.37914E-07 29.2
1201 26 7.57123E-07 29.4
1202 26 7.7685E-07 29.6
1203 26 7.9673E-07 29.8
1204 26 8.17083E-07 30
